function f = f_func(in1,u)
%F_FUNC
%    F = F_FUNC(IN1,U)

%    This function was generated by the Symbolic Math Toolbox version 23.2.
%    16-Jan-2024 23:05:36

x1 = in1(1,:);
x2 = in1(2,:);
x3 = in1(3,:);
x4 = in1(4,:);
x5 = in1(5,:);
f = [x2;-u.*(x4.*(1.0e+3./6.3e+1)+x5.*1.0./(x1.*1.201201201201201e+1+x3.*1.201201201201201e+1-5.2e+1./3.33e+2).^2.*6.349206349206349e+1)+9.81e+2./1.0e+2;0.0;0.0;0.0];
end
